Period: 40000, Duty Cycle: 40000
35.125
35.187
35.25
35.25
35.312
35.312
35.312
35.312
35.25
35.312
35.25
35.312
35.25
35.25
35.25
35.187
35.187
35.187
35.187
35.187
35.125
35.125
35.125
35.062
35.062
35.062
35.062
35
35
35
34.937
34.937
34.937
34.875
34.875
34.875
34.812
34.812
34.812
34.75
34.75
34.687
34.687
34.687
34.687
34.625
34.562
34.562
34.562
34.5
34.5
34.437
34.437
34.437
34.375
34.312
34.312
34.312
34.25
34.25
34.187
34.187
34.187
34.125
34.125
34.062
34.062
34.062
34
33.937
33.937
33.875
33.875
33.875
33.812
33.812
33.75
33.75
33.687
33.687
33.625
33.625
33.562
33.562
33.5
33.5
33.5
33.437
33.437
33.375
33.375
33.312
33.312
33.25
33.25
33.25
33.187
33.187
33.187
33.125
33.062
33.062
33.062
33
32.937
32.937
32.937
32.875
32.812
32.812
32.812
32.75
32.75
32.687
32.687
32.687
32.625
32.562
32.562
32.562
32.5
32.5
32.437
32.437
32.375
32.375
32.312
32.312
32.312
32.25
32.25
32.187
32.187
32.125
32.062
32.062
32.062
32
32
32
31.937
31.875
31.875
31.875
31.812
31.812
31.75
31.75
31.687
31.687
31.687
31.625
31.625
31.562
31.562
31.5
31.5
31.437
31.437
31.437
31.437
31.375
31.375
31.312
31.312
31.25
31.25
31.25
31.187
31.187
31.187
31.125
31.062
31.062
31
31
31
30.937
30.937
30.937
30.875
30.875
30.812
30.812
30.812
30.75
30.75
30.687
30.687
30.687
30.687
30.625
30.625
30.625
30.562
30.562
30.5
30.5
30.5
30.437
30.437
30.437
30.375
30.312
30.312
30.312
30.312
30.25
30.25
30.187
30.187
30.187
30.187
30.125
30.125
30.125
30.062
30.062
30.062
30
30
30
30
29.937
29.937
29.937
29.875
29.875
29.812
29.812
29.812
29.812
29.75
29.75
29.75
29.687
29.687
29.687
29.625
29.625
29.625
29.562
29.562
29.562
29.562
29.5
29.5
29.5
29.437
29.437
29.437
29.437
29.375
29.375
29.312
29.375
29.312
29.312
29.25
29.312
29.25
29.25
29.25
29.187
29.187
29.187
29.187
29.187
29.125
29.125
29.125
29.062
29.062
29.062
29
29
28.937
29
28.937
28.937
28.937
28.875
28.875
28.875
28.875
28.812
28.812
28.812
28.812
28.812
28.75
28.75
28.75
28.687
28.687
28.625
28.687
28.625
28.625
28.625
28.625
28.562
28.562
28.562
28.562
28.562
28.5
28.5
28.5
28.5
28.437
28.437
28.437
28.437
28.437
28.375
28.375
28.375
28.312
28.312
28.312
28.312
28.312
28.312
28.25
28.25
28.25
28.25
28.25
28.187
28.187
28.187
28.187
28.125
28.125
28.125
28.125
28.125
28.062
28.125
28.062
28.062
28.062
28.062
28.062
28
28
28
28
27.937
27.937
27.937
27.937
27.937
27.875
27.875
27.875
27.875
27.875
27.812
27.812
27.812
27.812
27.812
27.812
27.75
27.812
27.75
27.75
27.75
27.75
27.687
27.687
27.687
27.687
27.687
27.625
27.625
27.625
27.625
27.625
27.625
27.562
27.562
27.625
27.562
27.562
27.562
27.562
27.562
27.5
27.5
27.5
27.5
27.5
27.437
27.437
27.437
27.437
27.437
27.437
27.437
27.437
27.375
27.375
27.375
27.375
27.375
27.375
27.375
27.312
27.312
27.312
27.312
27.312
27.312
27.312
27.25
27.312
27.25
27.25
27.25
27.25
27.187
27.25
27.187
27.187
27.187
27.187
27.187
27.187
27.187
27.125
27.125
27.125
27.125
27.125
27.125
27.125
27.062
27.062
27.062
27.062
27.062
27.062
27.062
27.062
27
27
27
27
27
27
26.937
27
26.937
26.937
26.937
26.937
26.937
26.937
26.937
26.875
26.875
26.875
26.875
26.875
26.875
26.875
26.875
26.875
26.812
26.812
26.812
26.812
26.812
26.812
26.812
26.812
26.812
26.75
26.75
26.75
26.812
26.75
26.75
26.75
26.75
26.75
26.75
26.75
26.687
26.687
26.687
26.687
26.687
26.687
26.687
26.687
26.687
26.687
26.687
26.625
26.625
26.687
26.625
26.625
26.625
26.625
26.625
26.625
26.562
26.562
26.562
26.562
26.562
26.562
26.562
26.562
26.562
26.562
26.562
26.562
26.562
26.5
26.5
26.5
26.5
26.5
26.5
26.5
26.5
26.5
26.5
26.5
26.437
26.437
26.437
26.437
26.437
26.437
26.437
26.437
26.437
26.437
26.437
26.437
26.375
26.375
26.375
26.375
26.375
26.375
26.375
26.375
26.375
26.375
26.375
26.375
26.312
26.375
26.312
26.312
26.312
26.312
26.312
26.312
26.312
26.312
26.312
26.312
26.312
26.25
26.25
26.25
26.25
26.25
26.25
26.25
26.25
26.25
26.187
26.187
26.187
26.187
26.25
26.25
26.187
26.187
26.187
26.187
26.187
26.187
26.187
26.187
26.187
26.187
26.187
26.187
26.187
26.187
26.187
26.187
26.187
26.125
26.125
26.125
26.125
26.125
26.125
26.125
26.125
26.125
26.125
26.125
26.062
26.125
26.062
26.062
26.062
26.062
26.062
26.062
26.062
26.062
26.062
26.062
26.062
26.062
26.062
26
26.062
26
26.062
26.062
26
26
26
26
26
26
26
26
26
26
26
25.937
25.937
25.937
26
25.937
25.937
25.937
25.937
25.937
25.937
25.937
25.937
25.937
25.937
25.937
25.937
25.937
25.937
25.937
25.937
25.875
25.937
25.875
25.937
25.875
25.875
25.875
25.875
25.875
25.875
25.875
25.875
25.875
25.875
25.812
25.812
25.812
25.812
25.812
25.875
25.812
25.812
25.812
25.812
25.812
25.812
25.812
25.812
25.812
25.812
25.812
25.812
25.812
25.812
25.812
25.812
25.812
25.75
25.75
25.812
25.812
25.812
25.812
25.75
25.75
